-4 -4 0.755558
-4 -3 -0.0411583
-4 -2 -0.563387
-4 -1 -0.632317
-4 0 -0.26783
-4 1 0.290111
-4 2 0.658887
-4 3 0.436506
-4 4 -0.703946
-3 -4 1.16396
-3 -3 0.220257
-3 -2 -0.546786
-3 -1 -0.810961
-3 0 -0.495696
-3 1 0.167543
-3 2 0.728038
-3 3 0.681667
-3 4 -0.397158
-2 -4 0.201373
-2 -3 0.0615378
-2 -2 -0.299085
-2 -1 -0.470769
-2 0 -0.271754
-2 1 0.162991
-2 2 0.447301
-2 3 0.10536
-2 4 -1.28871
-1 -4 -1.36843
-1 -3 -0.500831
-1 -2 -0.244068
-1 -1 -0.127475
-1 0 0.135226
-1 1 0.533697
-1 2 0.795319
-1 3 0.524393
-1 4 -0.662565
0 -4 -0.029208
0 -3 0.645708
0 -2 0.521538
0 -1 0.157345
0 0 -0.0322969
0 1 0.0834256
0 2 0.351273
0 3 0.452359
0 4 0.0395296
1 -4 0.958407
1 -3 1.45337
1 -2 1.02495
1 -1 0.23732
1 0 -0.430786
1 1 -0.727163
1 2 -0.662168
1 3 -0.431249
1 4 -0.295405
2 -4 -2.0186
2 -3 -0.588265
2 -2 -0.168996
2 -1 -0.299454
2 0 -0.544068
2 1 -0.606722
2 2 -0.384526
2 3 0.0646527
2 4 0.604397
3 -4 -3.55696
3 -3 -1.7254
3 -2 -0.820335
3 -1 -0.495469
3 0 -0.398154
3 1 -0.252764
3 2 0.0870092
3 3 0.645255
3 4 1.37521
4 -4 1.70233
4 -3 2.19455
4 -2 1.98859
4 -1 1.34162
4 0 0.529916
4 1 -0.211415
4 2 -0.733143
4 3 -0.976044
4 4 -0.93883
