-4 -4 0.937972
-4 -3 -0.363273
-4 -2 -1.07728
-4 -1 -0.896955
-4 0 0.222038
-4 1 2.06843
-4 2 4.27827
-4 3 6.46069
-4 4 8.28448
-3 -4 2.57806
-3 -3 0.931472
-3 -2 -0.510436
-3 -1 -1.41842
-3 0 -1.72859
-3 1 -1.64189
-3 2 -1.52277
-3 3 -1.77077
-3 4 -2.72878
-2 -4 1.05993
-2 -3 0.164348
-2 -2 -0.803802
-2 -1 -1.44603
-2 0 -1.63626
-2 1 -1.54377
-2 2 -1.53996
-2 3 -2.05863
-2 4 -3.48699
-1 -4 -0.295996
-1 -3 -0.462237
-1 -2 -0.905817
-1 -1 -1.08585
-1 0 -0.713395
-1 1 0.161918
-1 2 1.20382
-1 3 1.93406
-1 4 1.87745
0 -4 0.411405
0 -3 0.7371
0 -2 0.407211
0 -1 0.063796
0 0 0.224357
0 1 1.12073
0 2 2.63991
0 3 4.39889
0 4 5.89589
1 -4 -0.546279
1 -3 1.06807
1 -2 1.53533
1 -1 1.36003
1 0 1.07335
1 1 1.10453
1 2 1.66045
1 3 2.68037
1 4 3.88865
2 -4 -4.44521
2 -3 -1.1581
2 -2 0.773706
2 -1 1.61976
2 0 1.70768
2 1 1.37085
2 2 0.875009
2 3 0.355859
2 4 -0.199974
3 -4 -6.4266
3 -3 -2.56868
3 -2 0.0602148
3 -1 1.57691
3 0 2.13333
3 1 1.89998
3 2 1.03646
3 3 -0.340729
3 4 -2.17852
4 -4 -1.72916
4 -3 0.786891
4 -2 2.38206
4 -1 3.10302
4 0 3.01223
4 1 2.18272
4 2 0.687289
4 3 -1.41479
4 4 -4.08769
