-4 -4 31.2461
-4 -3 26.0717
-4 -2 19.9266
-4 -1 12.8107
-4 0 4.72391
-4 1 -4.33363
-4 2 -14.362
-4 3 -25.3611
-4 4 -37.3311
-3 -4 31.9322
-3 -3 26.8355
-3 -2 20.3765
-3 -1 12.5551
-3 0 3.3713
-3 1 -7.17484
-3 2 -19.0833
-3 3 -32.3541
-3 4 -46.9874
-2 -4 25.8708
-2 -3 23.0097
-2 -2 18.452
-2 -1 12.1976
-2 0 4.24639
-2 1 -5.40145
-2 2 -16.746
-2 3 -29.7872
-2 4 -44.5252
-1 -4 12.9367
-1 -3 14.0931
-1 -2 13.3285
-1 -1 10.6427
-1 0 6.03598
-1 1 -0.491861
-1 2 -8.9408
-1 3 -19.3107
-1 4 -31.6018
0 -4 -4.92635
0 -3 1.1511
0 -2 5.22856
0 -1 7.30602
0 0 7.38347
0 1 5.46093
0 2 1.53839
0 3 -4.38416
0 4 -12.3067
1 -4 -24.079
1 -3 -13.3173
1 -2 -4.47665
1 -1 2.44294
1 0 7.44145
1 1 10.5189
1 2 11.6753
1 3 10.9106
1 4 8.22489
2 -4 -40.084
2 -3 -25.9779
2 -2 -13.5686
2 -1 -2.8559
2 0 6.16002
2 1 13.4792
2 2 19.1018
2 3 23.0276
2 4 25.2567
3 -4 -48.945
3 -3 -33.6063
3 -2 -19.63
3 -1 -7.01601
3 0 4.23557
3 1 14.1248
3 2 22.6517
3 3 29.8162
3 4 35.6184
4 -4 -48.398
4 -3 -34.1563
4 -2 -20.8855
4 -1 -8.58542
4 0 2.74383
4 1 13.1023
4 2 22.4899
4 3 30.9068
4 4 38.3529
