-4 -4 0.488552
-4 -3 -0.875412
-4 -2 -1.32167
-4 -1 -0.866176
-4 0 0.330903
-4 1 2.01112
-4 2 3.87448
-4 3 5.62842
-4 4 7.01944
-3 -4 2.3857
-3 -3 0.647595
-3 -2 -0.531509
-3 -1 -1.15475
-3 0 -1.37489
-3 1 -1.4492
-3 2 -1.68166
-3 3 -2.37226
-3 4 -3.78307
-2 -4 0.463874
-2 -3 -0.396659
-2 -2 -0.934242
-2 -1 -1.11324
-2 0 -1.06287
-2 1 -1.03576
-2 2 -1.34842
-2 3 -2.32392
-2 4 -4.25167
-1 -4 -0.732017
-1 -3 -1.05017
-1 -2 -1.13871
-1 -1 -0.843314
-1 0 -0.199268
-1 1 0.589159
-1 2 1.20452
-1 3 1.28375
-1 4 0.475676
0 -4 1.82161
0 -3 1.255
0 -2 0.603509
0 -1 0.202497
0 0 0.229369
0 1 0.671078
0 2 1.33721
0 3 1.91137
0 4 2.01933
1 -4 1.45174
1 -3 1.79684
1 -2 1.50745
1 -1 0.947785
1 0 0.418026
1 1 0.0979698
1 2 0.0130757
1 3 0.0359417
1 4 -0.078371
2 -4 -3.04303
2 -3 -1.10588
2 -2 -0.0652797
2 -1 0.36144
2 0 0.445687
2 1 0.404225
2 2 0.359723
2 3 0.319358
2 4 0.1793
3 -4 -4.94878
3 -3 -2.56206
3 -2 -1.01087
3 -1 -0.087758
3 0 0.420608
3 1 0.703709
3 2 0.895545
3 3 1.05123
3 4 1.13993
4 -4 0.565122
4 -3 1.44424
4 -2 1.71819
4 -1 1.54075
4 0 1.07605
4 1 0.478103
4 2 -0.133046
4 3 -0.69164
4 4 -1.196
