-4 -4 31.1921
-4 -3 26.0296
-4 -2 19.8963
-4 -1 12.7922
-4 0 4.71732
-4 1 -4.32838
-4 2 -14.3449
-4 3 -25.3322
-4 4 -37.2903
-3 -4 31.8798
-3 -3 26.795
-3 -2 20.3478
-3 -1 12.5382
-3 0 3.36629
-3 1 -7.16801
-3 2 -19.0646
-3 3 -32.3236
-3 4 -46.945
-2 -4 25.82
-2 -3 22.9708
-2 -2 18.4249
-2 -1 12.1823
-2 0 4.24296
-2 1 -5.39304
-2 2 -16.7257
-2 3 -29.7551
-2 4 -44.4812
-1 -4 12.8875
-1 -3 14.0557
-1 -2 13.3029
-1 -1 10.629
-1 0 6.03413
-1 1 -0.481867
-1 2 -8.91897
-1 3 -19.2771
-1 4 -31.5563
0 -4 -4.974
0 -3 1.1153
0 -2 5.2046
0 -1 7.2939
0 0 7.3832
0 1 5.4725
0 2 1.5618
0 3 -4.3489
0 4 -12.2596
1 -4 -24.125
1 -3 -13.3515
1 -2 -4.49903
1 -1 2.4324
1 0 7.44276
1 1 10.5321
1 2 11.7003
1 3 10.9475
1 4 8.27357
2 -4 -40.1285
2 -3 -26.0106
2 -2 -13.5894
2 -1 -2.86486
2 0 6.16291
2 1 13.494
2 2 19.1283
2 3 23.066
2 4 25.3069
3 -4 -48.9879
3 -3 -33.6374
3 -2 -19.6492
3 -1 -7.02339
3 0 4.24004
3 1 14.1411
3 2 22.6799
3 3 29.8562
3 4 35.6702
4 -4 -48.4393
4 -3 -34.1858
4 -2 -20.9031
4 -1 -8.59122
4 0 2.74988
4 1 13.1202
4 2 22.5197
4 3 30.9484
4 4 38.4063
