-4 -4 0.153951
-4 -3 -0.315511
-4 -2 0.632849
-4 -1 0.252372
-4 0 -0.353258
-4 1 -0.540243
-4 2 -0.297651
-4 3 0.201843
-4 4 0.753481
-3 -4 1.45307
-3 -3 -1.12388
-3 -2 -0.71379
-3 -1 -0.0158713
-3 0 0.305764
-3 1 0.518195
-3 2 0.459589
-3 3 -0.141573
-3 4 -1.51901
-2 -4 0.882835
-2 -3 -1.316
-2 -2 -1.45766
-2 -1 -0.363187
-2 0 0.711196
-2 1 1.50489
-2 2 1.66493
-2 3 0.850278
-2 4 -1.1893
-1 -4 -1.22533
-1 -3 -0.0671413
-1 -2 0.00467589
-1 -1 -0.564921
-1 0 -0.450859
-1 1 0.0971067
-1 2 0.48186
-1 3 0.17117
-1 4 -1.23166
0 -4 -0.596267
0 -3 2.07551
0 -2 1.49267
0 -1 -0.202615
0 0 -0.930183
0 1 -0.769491
0 2 -0.256489
0 3 0.0431424
0 4 -0.351575
1 -4 0.746916
1 -3 2.05532
1 -2 1.23817
1 -1 -0.0787428
1 0 -0.763914
1 1 -0.743361
1 2 -0.280546
1 3 0.236052
1 4 0.404462
2 -4 -2.24329
2 -3 -0.756874
2 -2 -0.420464
2 -1 -0.503734
2 0 -0.47294
2 1 -0.17376
2 2 0.341783
2 3 0.887662
2 4 1.21501
3 -4 -3.72804
3 -3 -1.92563
3 -2 -0.953668
3 -1 -0.45339
3 0 -0.127648
3 1 0.180066
3 2 0.505897
3 3 0.783691
3 4 0.882733
4 -4 1.68768
4 -3 2.18379
4 -2 2.08136
4 -1 1.58654
4 0 0.886594
4 1 0.109126
4 2 -0.689237
4 3 -1.52186
4 4 -2.45278
