-4 -4 7.89292
-4 -3 10.9822
-4 -2 14.0715
-4 -1 17.1608
-4 0 20.2501
-4 1 23.3394
-4 2 26.4287
-4 3 29.518
-4 4 32.6073
-3 -4 6.67619
-3 -3 9.76549
-3 -2 12.8548
-3 -1 15.9441
-3 0 19.0334
-3 1 22.1227
-3 2 25.212
-3 3 28.3013
-3 4 31.3906
-2 -4 5.45946
-2 -3 8.54876
-2 -2 11.6381
-2 -1 14.7274
-2 0 17.8167
-2 1 20.906
-2 2 23.9953
-2 3 27.0846
-2 4 30.1739
-1 -4 4.24273
-1 -3 7.33203
-1 -2 10.4213
-1 -1 13.5106
-1 0 16.5999
-1 1 19.6892
-1 2 22.7785
-1 3 25.8678
-1 4 28.9571
0 -4 3.026
0 -3 6.1153
0 -2 9.2046
0 -1 12.2939
0 0 15.3832
0 1 18.4725
0 2 21.5618
0 3 24.6511
0 4 27.7404
1 -4 1.80927
1 -3 4.89857
1 -2 7.98787
1 -1 11.0772
1 0 14.1665
1 1 17.2558
1 2 20.3451
1 3 23.4344
1 4 26.5237
2 -4 0.592542
2 -3 3.68184
2 -2 6.77114
2 -1 9.86044
2 0 12.9497
2 1 16.039
2 2 19.1283
2 3 22.2176
2 4 25.3069
3 -4 -0.624187
3 -3 2.46511
3 -2 5.55441
3 -1 8.64371
3 0 11.733
3 1 14.8223
3 2 17.9116
3 3 21.0009
3 4 24.0902
4 -4 -1.84092
4 -3 1.24838
4 -2 4.33768
4 -1 7.42698
4 0 10.5163
4 1 13.6056
4 2 16.6949
4 3 19.7842
4 4 22.8735
