-4 -4 -30.6778
-4 -3 -18.2421
-4 -2 -5.59097
-4 -1 7.24247
-4 0 20.2222
-4 1 33.3108
-4 2 46.4731
-4 3 59.6787
-4 4 72.9048
-3 -4 -29.3781
-3 -3 -18.3049
-3 -2 -6.68581
-3 -1 5.40518
-3 0 17.8823
-3 1 30.6524
-3 2 43.6242
-3 3 56.7176
-3 4 69.8706
-2 -4 -23.296
-2 -3 -15.3753
-2 -2 -6.24894
-2 -1 3.97208
-2 0 15.1294
-2 1 27.0262
-2 2 39.4512
-2 3 52.207
-2 4 65.1334
-1 -4 -9.27098
-1 -3 -6.92355
-1 -2 -2.60346
-1 -1 3.69028
-1 0 11.8324
-1 1 21.5605
-1 2 32.5093
-1 3 44.2791
-1 4 56.5082
0 -4 10.6221
0 -3 6.78073
0 -2 4.96326
0 -1 5.47379
0 0 8.48888
0 1 13.9614
0 2 21.5807
0 3 30.8282
0 4 41.1088
1 -4 27.9329
1 -3 20.1101
1 -2 13.6402
1 -1 8.93958
1 0 6.42337
1 1 6.38249
1 2 8.84513
1 3 13.5059
1 4 19.7891
2 -4 38.5152
2 -3 28.9628
2 -2 20.1733
2 -1 12.4643
2 0 6.21514
2 1 1.79558
2 2 -0.558759
2 3 -0.875218
2 4 0.510713
3 -4 44.2971
3 -3 34.0872
3 -2 24.3373
3 -1 15.2658
3 0 7.15477
3 1 0.313823
3 2 -5.00336
3 3 -8.71192
3 4 -10.9736
4 -4 47.8038
4 -3 37.3275
4 -2 27.1719
4 -1 17.4997
4 0 8.52843
4 1 0.51
4 2 -6.32879
4 3 -11.8774
4 4 -16.2187
