-4 -4 -22.8306
-4 -3 -15.1202
-4 -2 -6.21708
-4 -1 3.8654
-4 0 15.0926
-4 1 27.4102
-4 2 40.7475
-4 3 55.0213
-4 4 70.1405
-3 -4 -25.6015
-3 -3 -17.3021
-3 -2 -7.52694
-3 -1 3.66669
-3 0 16.1967
-3 1 29.9581
-3 2 44.8269
-3 3 60.6656
-3 4 77.3305
-2 -4 -20.4184
-2 -3 -14.4747
-2 -2 -6.7326
-2 -1 2.78272
-2 0 14.0086
-2 1 26.8431
-2 2 41.1473
-2 3 56.7511
-2 4 73.4634
-1 -4 -8.13029
-1 -3 -6.37935
-1 -2 -2.76373
-1 -1 2.82543
-1 0 10.4483
-1 1 20.112
-1 2 31.7643
-1 3 45.2888
-1 4 60.5089
0 -4 7.61095
0 -3 5.04631
0 -2 4.02148
0 -1 4.82016
0 0 7.61852
0 1 12.553
0 2 19.7428
0 3 29.259
0 4 41.0938
1 -4 25.6791
1 -3 18.5019
1 -2 12.4599
1 -1 8.33668
1 0 6.27343
1 1 6.15426
1 2 8.01174
1 3 12.0239
1 4 18.4077
2 -4 40.8228
2 -3 30.4824
2 -2 20.5464
2 -1 12.3114
2 0 6.36138
2 1 2.34104
2 2 -0.137185
2 3 -1.11595
2 4 -0.397771
3 -4 45.7119
3 -3 34.9165
3 -2 24.2122
3 -1 14.738
3 0 7.1228
3 1 1.04061
3 2 -3.9952
3 3 -8.1655
3 4 -11.3947
4 -4 48.0359
4 -3 37.1321
4 -2 26.178
4 -1 16.2433
4 0 7.92605
4 1 0.891902
4 2 -5.38477
4 3 -11.1637
4 4 -16.4734
