-4 -4 10.6131
-4 -3 13.1061
-4 -2 15.5991
-4 -1 18.092
-4 0 20.585
-4 1 23.078
-4 2 25.571
-4 3 28.064
-4 4 30.557
-3 -4 9.31676
-3 -3 11.8098
-3 -2 14.3027
-3 -1 16.7957
-3 0 19.2887
-3 1 21.7817
-3 2 24.2747
-3 3 26.7677
-3 4 29.2607
-2 -4 8.02046
-2 -3 10.5135
-2 -2 13.0064
-2 -1 15.4994
-2 0 17.9924
-2 1 20.4854
-2 2 22.9784
-2 3 25.4714
-2 4 27.9644
-1 -4 6.72416
-1 -3 9.21715
-1 -2 11.7101
-1 -1 14.2031
-1 0 16.6961
-1 1 19.1891
-1 2 21.6821
-1 3 24.1751
-1 4 26.6681
0 -4 5.42785
0 -3 7.92085
0 -2 10.4138
0 -1 12.9068
0 0 15.3998
0 1 17.8928
0 2 20.3858
0 3 22.8788
0 4 25.3718
1 -4 4.13155
1 -3 6.62454
1 -2 9.11754
1 -1 11.6105
1 0 14.1035
1 1 16.5965
1 2 19.0895
1 3 21.5825
1 4 24.0755
2 -4 2.83525
2 -3 5.32824
2 -2 7.82123
2 -1 10.3142
2 0 12.8072
2 1 15.3002
2 2 17.7932
2 3 20.2862
2 4 22.7792
3 -4 1.53894
3 -3 4.03194
3 -2 6.52493
3 -1 9.01793
3 0 11.5109
3 1 14.0039
3 2 16.4969
3 3 18.9899
3 4 21.4829
4 -4 0.242642
4 -3 2.73564
4 -2 5.22863
4 -1 7.72162
4 0 10.2146
4 1 12.7076
4 2 15.2006
4 3 17.6936
4 4 20.1866
