-4 -4 -27.3022
-4 -3 -18.81
-4 -2 -8.83314
-4 -1 2.90582
-4 0 16.224
-4 1 30.984
-4 2 47.6404
-4 3 66.8845
-4 4 88.3592
-3 -4 -18.9705
-3 -3 -12.4233
-3 -2 -5.00009
-3 -1 3.93473
-3 0 14.5759
-3 1 26.8007
-3 2 40.721
-3 3 56.7765
-3 4 74.9432
-2 -4 -10.6389
-2 -3 -6.03659
-2 -2 -1.16704
-2 -1 4.96365
-2 0 12.9278
-2 1 22.6175
-2 2 33.8017
-2 3 46.6684
-2 4 61.5272
-1 -4 -2.30728
-1 -3 0.350124
-1 -2 2.66602
-1 -1 5.99257
-1 0 11.2797
-1 1 18.4342
-1 2 26.8823
-1 3 36.5604
-1 4 48.1112
0 -4 6.02439
0 -3 6.73689
0 -2 6.49914
0 -1 7.02156
0 0 9.63164
0 1 14.251
0 2 19.963
0 3 26.4523
0 4 34.6952
1 -4 14.3566
1 -3 13.1244
1 -2 10.3332
1 -1 8.05167
1 0 7.98474
1 1 10.0689
1 2 13.0447
1 3 16.3451
1 4 21.2798
2 -4 22.6959
2 -3 19.5226
2 -2 14.1813
2 -1 9.09784
2 0 6.35451
2 1 5.9029
2 2 6.14101
2 3 6.24996
2 4 7.87288
3 -4 31.1326
3 -3 26.0662
3 -2 18.2215
3 -1 10.3671
3 0 4.9582
3 1 1.9658
3 2 -0.552067
3 3 -3.66931
3 4 -5.4083
4 -4 40.7868
4 -3 34.4485
4 -2 24.7183
4 -1 14.5262
4 0 6.63127
4 1 1.07257
4 2 -4.40292
4 3 -11.1748
4 4 -16.9321
