-4 -4 -22.9414
-4 -3 -15.0532
-4 -2 -5.93595
-4 -1 4.28241
-4 0 15.4911
-4 1 27.6181
-4 2 40.6536
-4 3 54.6785
-4 4 69.9007
-3 -4 -25.5338
-3 -3 -17.455
-3 -2 -7.69
-3 -1 3.55771
-3 0 16.1234
-3 1 29.8972
-3 2 44.8362
-3 3 60.9758
-3 4 78.4389
-2 -4 -20.6955
-2 -3 -15.019
-2 -2 -7.15315
-2 -1 2.63394
-2 0 14.1339
-2 1 27.2089
-2 2 41.7944
-2 3 57.8928
-2 4 75.56
-1 -4 -7.77041
-1 -3 -6.5966
-1 -2 -3.00455
-1 -1 2.75962
-1 0 10.5044
-1 1 20.1099
-1 2 31.534
-1 3 44.8069
-1 4 60.0127
0 -4 8.52805
0 -3 4.99355
0 -2 3.81447
0 -1 4.81164
0 0 7.84894
0 1 12.8561
0 2 19.8413
0 3 28.8919
0 4 40.1609
1 -4 25.6747
1 -3 17.9766
1 -2 12.3407
1 -1 8.64495
1 0 6.80768
1 1 6.8102
1 2 8.71216
1 3 12.6573
1 4 18.8669
2 -4 39.9114
2 -3 29.2697
2 -2 20.3349
2 -1 12.9803
2 0 7.1316
2 1 2.78503
2 2 0.0180215
2 3 -1.00681
2 4 -0.0450589
3 -4 47.2604
3 -3 35.2974
3 -2 24.8467
3 -1 15.7043
3 0 7.74478
3 1 0.9328
3 2 -4.67676
3 3 -8.94391
3 4 -11.6519
4 -4 47.6827
4 -3 35.7084
4 -2 25.2429
4 -1 15.9803
4 0 7.72554
4 1 0.397709
4 2 -5.98154
4 3 -11.3034
4 4 -15.3886
